Point: (3.0, 4.0)
Circle:
Radius: 5.0
Area: 78.53981633974483
Perimeter: 31.41592653589793
Rectangle:
Dimensions: 3.0 x 4.0
Area: 12.0
Perimeter: 14.0
Circle type: Circle
Rectangle type: Rectangle
Via interface (Circle):
Area: 78.53981633974483
Perimeter: 31.41592653589793
Via interface (Rectangle):
Area: 12.0
Perimeter: 14.0
